Delta_Hartree_Fock(0)= 2.23518267724e-72
Delta_Hartree_Fock(1)= 2.22936003491e-72
Delta_Hartree_Fock(2)= 2.22664950186e-72
Delta_Hartree_Fock(3)= 2.2298229271e-72
Delta_Hartree_Fock(4)= 2.22745690365e-72
Delta_Hartree_Fock(5)= 2.23439440729e-72
Delta_Hartree_Fock(6)= 2.2325708532e-72
Delta_Hartree_Fock(7)= 2.23333837351e-72
Delta_Hartree_Fock(8)= 2.2357309068e-72
Delta_Hartree_Fock(9)= 2.23667476325e-72
Delta_Hartree_Fock(10)= 2.23676386274e-72
Delta_Hartree_Fock(11)= 2.23730523405e-72
Delta_Hartree_Fock(12)= 2.19018028966e-72
Delta_Hartree_Fock(13)= 2.18961494617e-72
Delta_Hartree_Fock(14)= 2.19061490083e-72
Delta_Hartree_Fock(15)= 2.19061386149e-72
Delta_Hartree_Fock(16)= 2.19012631302e-72
Delta_Hartree_Fock(17)= 2.18942201019e-72
Delta_Hartree_Fock(18)= 2.18769052106e-72
Delta_Hartree_Fock(19)= 2.19771902126e-72
Delta_Hartree_Fock(20)= 2.18790224994e-72
Delta_Hartree_Fock(21)= 2.19602268127e-72
Delta_Hartree_Fock(22)= 2.18775229352e-72
Delta_Hartree_Fock(23)= 2.19121235477e-72
Delta_Hartree_Fock(24)= 2.18341052634e-72
Delta_Hartree_Fock(25)= 2.19369293754e-72
Delta_Hartree_Fock(26)= 2.19182278654e-72
Delta_Hartree_Fock(27)= 2.19461646658e-72
Delta_Hartree_Fock(28)= 2.19017893536e-72
Delta_Hartree_Fock(29)= 2.1906244877e-72
Delta_Hartree_Fock(30)= 2.19166900352e-72
Delta_Hartree_Fock(31)= 2.18995250862e-72
Delta_Hartree_Fock(32)= 2.18812582114e-72
Delta_Hartree_Fock(33)= 2.18949802115e-72
Delta_Hartree_Fock(34)= 2.18688563219e-72
Delta_Hartree_Fock(35)= 2.18581059533e-72
Delta_Hartree_Fock(36)= 2.18734490842e-72
Delta_Hartree_Fock(37)= 2.23543986006e-72
Delta_Hartree_Fock(38)= 2.23411924993e-72
Delta_Hartree_Fock(39)= 2.22590170891e-72
Delta_Hartree_Fock(40)= 2.23192411884e-72
Delta_Hartree_Fock(41)= 2.23195896958e-72
Delta_Hartree_Fock(42)= 2.23696436059e-72
Delta_Hartree_Fock(43)= 2.23179280472e-72
Delta_Hartree_Fock(44)= 2.23437338489e-72
Delta_Hartree_Fock(45)= 2.24002191037e-72
Delta_Hartree_Fock(46)= 2.23499853867e-72
Delta_Hartree_Fock(47)= 2.23535151929e-72
Delta_Hartree_Fock(48)= 2.23226499697e-72
Delta_Hartree_Fock(49)= 2.23553904611e-72